40 40
14 18 19 20 14 18 1 9 3 2 11 5 18 13 1 18 7 10 13 15 3 12 18 9 13 10 6 17 11 19 8 4 15 7 14 12 5 15 9 5 
40 6 5 19 37 16 20 7 35 9 13 4 22 15 11 21 36 1 29 18 28 33 38 40 2 31 25 24 17 39 34 27 26 12 3 14 10 30 8 32 23 
40 31 8 13 12 34 9 15 22 36 4 38 26 16 5 40 21 2 29 33 39 3 14 35 1 24 37 25 18 32 28 20 10 17 19 7 27 6 30 23 11 
39 39 21 2 1 20 11 16 38 29 25 22 37 27 35 7 12 31 30 23 26 28 5 10 15 36 4 24 33 34 40 19 3 6 32 17 14 13 9 18 
39 2 20 14 30 18 9 36 23 31 28 6 32 22 24 13 4 5 15 1 33 8 37 21 25 16 7 40 38 26 29 3 17 35 11 10 19 27 39 34 
40 11 39 29 22 32 12 17 24 1 7 26 34 28 14 33 40 21 5 27 31 23 37 18 20 36 35 2 25 16 15 19 30 6 10 3 13 4 38 8 9 
39 34 31 2 3 6 12 28 1 18 17 37 9 8 40 35 13 33 16 30 39 25 10 21 36 19 15 24 22 14 29 7 5 27 23 38 32 4 20 11 
40 26 18 39 38 27 15 4 31 20 40 24 25 2 33 32 30 29 11 10 19 17 6 8 37 1 5 35 36 21 22 28 34 12 13 23 16 7 14 9 3 
40 40 10 17 37 3 35 20 7 39 24 2 13 8 32 12 31 1 36 30 38 28 18 14 19 25 29 15 22 9 26 6 21 11 5 34 4 33 27 23 16 
40 22 37 11 12 17 39 8 38 20 34 14 21 35 24 36 5 2 29 16 9 32 7 19 13 27 18 40 23 26 30 31 1 3 10 4 28 33 6 25 15 
39 20 23 3 27 26 1 35 14 19 31 17 32 22 29 36 4 2 13 38 24 6 18 40 8 30 11 10 9 15 16 12 34 28 5 21 7 39 33 25 
40 21 23 4 1 19 11 33 14 32 25 12 13 31 2 6 24 40 10 7 15 3 39 29 27 8 37 5 18 35 28 26 16 9 36 22 30 34 17 20 38 
39 29 33 37 24 9 19 12 15 27 39 2 26 21 25 38 6 4 36 11 40 30 7 14 3 18 5 16 10 28 13 20 34 22 17 8 1 35 31 23 
40 14 15 32 9 21 8 23 25 20 19 3 6 40 11 13 27 28 38 39 30 7 2 24 1 12 29 31 26 10 18 37 36 34 35 5 4 16 33 17 22 
39 25 37 14 9 5 10 4 27 24 22 13 19 1 2 12 40 31 38 8 16 34 29 3 39 28 23 35 32 20 21 36 6 15 26 33 7 17 18 30 
40 7 34 3 25 40 16 5 6 18 38 35 2 32 21 15 11 22 20 28 31 13 39 8 12 17 27 9 1 19 37 26 23 29 4 24 36 30 10 14 33 
39 14 15 37 28 33 25 36 10 26 34 4 24 17 38 6 9 8 39 23 31 7 5 27 18 16 32 29 2 11 35 1 22 21 19 12 3 13 30 40 
39 31 5 37 18 6 3 26 21 10 4 33 28 38 29 11 1 39 16 13 14 15 2 23 36 35 27 30 17 7 32 19 8 34 12 22 40 9 24 25 
39 15 10 31 21 7 27 13 39 19 38 6 2 34 23 35 36 5 40 12 14 3 25 4 20 37 9 30 17 22 16 32 28 26 24 8 33 29 18 11 
39 37 35 18 4 19 15 38 24 36 8 6 14 21 23 34 31 9 39 12 27 10 17 7 2 1 22 13 5 33 20 16 30 11 29 40 3 32 25 26 
40 25 14 13 9 29 22 27 4 20 30 33 7 40 2 36 3 18 38 17 28 34 10 6 32 31 39 11 35 26 23 21 16 37 15 8 5 12 1 24 19 
40 33 38 12 29 40 6 15 26 8 19 16 32 17 22 34 13 21 3 9 14 35 37 7 23 39 24 10 1 11 25 20 28 4 2 31 36 5 27 18 30 
39 12 21 40 31 26 6 2 39 13 3 1 8 10 34 18 25 33 28 27 5 9 14 22 36 16 11 35 29 19 37 24 4 30 23 20 15 7 17 32 
40 36 1 15 20 23 12 17 22 8 28 24 9 14 5 7 35 21 37 3 4 29 27 10 26 30 6 25 31 16 33 13 40 19 11 34 38 39 18 2 32 
40 39 5 30 23 25 2 18 36 38 1 16 32 8 7 40 12 31 6 10 34 26 28 21 22 24 15 19 3 33 13 17 35 29 11 9 14 37 4 20 27 
39 31 18 19 39 25 35 7 6 10 2 21 28 12 23 26 17 5 29 36 4 33 14 9 32 13 40 22 11 3 15 16 34 24 20 8 37 1 38 27 
39 24 17 2 39 22 5 8 27 19 10 31 35 26 23 9 34 3 13 11 36 38 14 18 21 37 29 32 33 20 6 40 12 7 25 15 4 1 16 28 
40 40 11 2 31 12 4 9 24 6 8 22 35 20 32 21 16 30 29 15 26 18 25 33 10 23 19 34 13 14 39 37 5 3 17 28 1 27 7 38 36 
40 22 35 21 14 23 30 8 15 18 7 26 4 34 36 10 20 12 39 31 19 29 1 17 37 33 16 27 11 13 40 9 3 38 32 6 24 28 5 2 25 
40 5 26 37 27 24 39 36 17 6 2 38 33 34 31 22 32 11 16 30 4 7 29 28 15 18 14 1 25 23 40 3 10 13 12 20 21 35 19 8 9 
39 11 12 18 26 35 28 34 10 20 39 3 24 27 31 17 19 37 23 2 6 25 13 40 38 5 29 8 36 1 9 33 16 4 30 21 7 15 14 22 
39 19 20 4 34 2 5 15 1 37 36 38 26 32 30 16 22 23 29 27 9 8 10 31 14 21 17 18 33 28 3 6 7 24 11 13 12 40 35 39 
39 23 9 11 12 5 13 26 8 35 34 31 32 3 37 25 22 30 15 18 14 24 2 27 4 19 39 6 1 17 7 28 20 38 40 21 16 29 36 33 
39 29 33 21 27 28 3 16 23 13 38 25 31 11 9 36 15 5 39 20 37 24 6 34 32 35 26 8 30 14 2 18 1 22 4 7 10 17 19 12 
40 39 5 12 30 8 22 17 36 4 19 34 6 20 14 15 7 27 16 13 40 38 9 35 3 18 31 28 1 2 33 21 37 29 25 10 26 11 32 24 23 
40 17 4 24 18 21 25 33 10 32 15 6 26 38 22 2 27 5 34 37 39 7 19 16 3 11 31 20 8 28 30 1 12 36 35 13 29 23 14 9 40 
40 13 21 20 15 12 11 32 29 18 3 14 36 22 34 24 26 4 39 23 7 16 28 25 6 40 30 38 5 17 2 37 1 10 33 31 8 27 19 9 35 
40 34 11 38 19 10 4 17 8 7 9 22 25 39 2 1 6 3 20 31 13 29 37 26 16 36 15 28 32 27 35 12 30 18 21 14 24 5 23 40 33 
40 1 26 35 34 29 23 10 2 18 9 28 4 39 20 40 25 7 32 30 33 36 13 11 37 19 14 3 17 38 21 16 24 5 6 31 27 12 22 8 15 
39 23 34 15 18 22 31 27 32 25 28 7 6 11 17 19 40 24 21 39 30 12 5 20 38 36 37 10 9 14 3 1 26 35 13 29 4 33 16 2 
40 16 2 4 5 31 19 13 15 18 23 9 7 29 26 30 27 22 32 24 35 39 8 33 25 1 34 20 6 17 14 40 3 12 28 36 37 21 10 11 38 
